# Total Energy (Eh) for frames: (1, 400, 1) 
       -188.584799371 
       -188.584527078 
       -188.580479416 
       -188.579937401 
       -188.584906362 
       -188.584772223 
       -188.584164756 
       -188.583978188 
       -188.585535839 
       -188.585477171 
       -188.581887199 
       -188.582040873 
       -188.569687325 
       -188.559670434 
        -188.58082908 
       -188.581569572 
       -188.586618907 
       -188.586569822 
       -188.579274726 
       -188.579361416 
       -188.584285969 
       -188.584319852 
       -188.582490474 
       -188.582786598 
       -188.577796364 
       -188.575803288 
       -188.579566213 
       -188.577632437 
       -188.579710789 
        -188.57872218 
       -188.578651629 
       -188.579986833 
       -188.583398544 
       -188.583875216 
       -188.580836857 
       -188.579732476 
       -188.581643303 
       -188.582116986 
       -188.583528634 
       -188.583760914 
       -188.580947817 
       -188.580869962 
       -188.583598123 
       -188.583262075 
       -188.583708326 
       -188.583742431 
       -188.584648291 
       -188.584647669 
       -188.582639498 
       -188.582879956 
        -188.57566282 
       -188.571690233 
        -188.58379455 
       -188.583410294 
       -188.586446505 
       -188.586449309 
       -188.584293441 
       -188.584231343 
       -188.583863474 
       -188.583550302 
       -188.586220433 
       -188.586301416 
       -188.586194908 
       -188.586086666 
       -188.582260575 
       -188.582183401 
       -188.578085774 
       -188.579431765 
       -188.583723082 
       -188.584003084 
       -188.572192819 
       -188.576014835 
       -188.586632707 
        -188.58656987 
       -188.584848102 
        -188.58481577 
       -188.583625184 
         -188.5836843 
       -188.584943936 
       -188.585028092 
       -188.586416022 
       -188.586447987 
       -188.584055024 
       -188.583958365 
        -188.58303692 
       -188.582229696 
       -188.585451929 
       -188.585624004 
       -188.586047851 
       -188.586103408 
       -188.571156926 
       -188.573416775 
       -188.584256774 
       -188.584244963 
       -188.584078737 
       -188.583588355 
       -188.582003405 
       -188.581730092 
       -188.575971754 
       -188.577799713 
       -188.584939745 
       -188.585028992 
       -188.579799861 
       -188.580499484 
       -188.580061612 
       -188.579100823 
       -188.585802175 
       -188.585790611 
       -188.584947097 
       -188.584955706 
       -188.572903868 
       -188.571981241 
       -188.586892889 
        -188.58689165 
       -188.585814362 
       -188.585784123 
        -188.58435153 
       -188.584461107 
       -188.586588858 
       -188.586536346 
       -188.585488609 
       -188.585537445 
       -188.579071571 
       -188.579700624 
       -188.584525787 
       -188.584268165 
       -188.580996063 
       -188.581443617 
       -188.569755312 
       -188.575693524 
        -188.58582479 
       -188.585759375 
       -188.556570553 
       -188.568993855 
       -188.585335097 
       -188.585252201 
       -188.585746347 
       -188.585798343 
       -188.583124902 
       -188.583342858 
       -188.581985768 
       -188.581494231 
        -188.57722531 
       -188.575934639 
       -188.568540257 
       -188.571895015 
       -188.586633546 
       -188.586620318 
       -188.585573927 
        -188.58530804 
       -188.582669885 
       -188.582700898 
       -188.577296621 
       -188.574106229 
       -188.579736367 
       -188.577752653 
       -188.586046778 
       -188.585984446 
       -188.582290142 
       -188.581773454 
       -188.586360691 
       -188.586330678 
       -188.583631939 
       -188.583894759 
       -188.583336237 
       -188.582835293 
       -188.567800218 
       -188.564874825 
       -188.581943426 
       -188.580850929 
       -188.583587226 
       -188.583945485 
       -188.581086183 
       -188.580926109 
        -188.58506421 
       -188.585281137 
       -188.583028934 
       -188.582265194 
       -188.577796409 
       -188.578939314 
       -188.586791535 
       -188.586809722 
       -188.571654525 
        -188.57491492 
       -188.573626035 
        -188.57460212 
       -188.583596119 
       -188.583610544 
       -188.581018757 
       -188.580656411 
       -188.584672879 
       -188.584665515 
       -188.584776901 
       -188.585104704 
       -188.578227624 
       -188.579543399 
       -188.585052815 
       -188.584942626 
       -188.582139562 
       -188.582480295 
       -188.586060642 
       -188.586136388 
       -188.576515438 
       -188.572329364 
       -188.583858705 
       -188.584121909 
       -188.581095968 
       -188.580140544 
       -188.584507115 
       -188.584751449 
       -188.579649503 
       -188.579563045 
        -188.58511555 
       -188.585316544 
       -188.579292455 
       -188.577692443 
       -188.582565641 
       -188.583344192 
       -188.583235645 
       -188.582950552 
       -188.581293754 
       -188.581540113 
       -188.586973108 
       -188.586967275 
       -188.582574538 
       -188.582576686 
       -188.581808039 
       -188.581802694 
       -188.578797889 
       -188.578579821 
       -188.573894806 
       -188.575154248 
       -188.586099282 
       -188.586094111 
       -188.584614875 
       -188.584204031 
       -188.578542175 
       -188.580140269 
       -188.575866124 
       -188.578019914 
       -188.578065698 
       -188.578065952 
       -188.584755436 
       -188.584669458 
       -188.582013469 
       -188.582926892 
       -188.580420127 
       -188.580396237 
        -188.58286542 
       -188.583176577 
       -188.586604234 
       -188.586618511 
       -188.565419977 
       -188.570798374 
       -188.575708336 
       -188.577195689 
       -188.584854665 
       -188.584970319 
       -188.583923056 
       -188.584384209 
       -188.573607416 
       -188.574063574 
       -188.578133361 
       -188.580120478 
       -188.585834545 
        -188.58582295 
       -188.583914339 
       -188.584106043 
       -188.586312685 
        -188.58626775 
       -188.583741268 
       -188.583800551 
       -188.579087104 
       -188.579439796 
       -188.586701978 
       -188.586690628 
       -188.576810279 
       -188.578202824 
       -188.581098844 
       -188.580774902 
       -188.573662654 
       -188.571474932 
       -188.586354496 
       -188.586401344 
       -188.585108814 
       -188.585047163 
       -188.584404315 
       -188.584115374 
       -188.581488602 
       -188.581306079 
       -188.582883238 
       -188.583161698 
       -188.582454871 
       -188.582510969 
       -188.585583708 
       -188.585647211 
       -188.579884844 
       -188.579767593 
       -188.583040967 
       -188.582628323 
       -188.583361385 
       -188.583262469 
       -188.587179343 
       -188.587176041 
       -188.579978561 
       -188.579301896 
       -188.582677148 
       -188.582898032 
       -188.586951911 
       -188.586963251 
       -188.577963005 
       -188.575520374 
       -188.584849063 
       -188.584852838 
       -188.585467527 
       -188.585610627 
       -188.581766483 
       -188.581260533 
       -188.579331208 
       -188.577930146 
       -188.574063071 
       -188.570723207 
       -188.582860128 
        -188.58279321 
       -188.583677887 
       -188.583532273 
       -188.579208523 
       -188.581176676 
       -188.577963768 
       -188.579151389 
       -188.576891002 
       -188.575895804 
       -188.577565941 
       -188.578921952 
       -188.584801202 
       -188.584881705 
       -188.581555673 
       -188.581817258 
       -188.586224932 
       -188.586225257 
       -188.583113712 
       -188.583503347 
       -188.577621119 
       -188.574414143 
       -188.585677913 
       -188.585730223 
       -188.584525978 
       -188.584554399 
       -188.586347686 
       -188.586413215 
       -188.584436271 
       -188.584786914 
       -188.583475686 
       -188.583008353 
       -188.568254128 
        -188.57370732 
       -188.581249268 
       -188.579995092 
       -188.584992159 
       -188.584799844 
        -188.58633187 
       -188.586364586 
       -188.577585612 
       -188.578470247 
       -188.585479807 
       -188.585571005 
       -188.581508219 
       -188.582305981 
       -188.578766627 
       -188.577782932 
       -188.580936437 
       -188.579346369 
       -188.586921416 
       -188.586930978 
       -188.577936766 
       -188.576936494 
       -188.582302365 
        -188.58267915 
       -188.578405943 
       -188.575962421 
       -188.579102259 
       -188.577387261 
       -188.584745455 
       -188.584948732 
       -188.581881907 
        -188.58179838 
       -188.579981702 
       -188.580537041 
        -188.58163178 
       -188.581595118 
       -188.582126073 
       -188.582256885 
        -188.58688055 
       -188.586894042 
       -188.584847266 
       -188.584804847 
       -188.584202679 
       -188.584056471 
       -188.584611441 
        -188.58424751 
