#    1E(low)     1E(High)     1A1    all in meV
    -113.15      193.16       74.11
    -109.57       98.72      -18.52
    -124.97       45.09      -36.30
     -80.53        7.55       57.09
     -50.54        7.41      -63.71
    -128.61       41.71      -76.50
     -19.62       12.40       -6.08
    -102.35       -2.66      -78.31
     -49.75       17.09      -38.91
    -147.23       76.00      -23.10
     -72.62      107.40      -40.35
     -49.92       31.68      -14.76
    -103.07        1.94     -118.04
    -158.74       69.95      -82.00
    -158.96      147.07       -0.88
    -153.31      120.45       -1.41
    -142.00      115.80      -48.68
    -129.05       17.09      -78.83
    -182.41      161.23       54.65
     -80.44       -9.37      126.60
    -113.43       47.89      -33.15
    -245.04      100.21      -63.42
    -129.86       23.06      -45.64
    -173.67      109.53       31.78
    -158.57       60.99     -102.62
    -182.88       21.79      -43.76
    -125.63       40.09     -178.11
    -147.40      134.51      -37.33
    -253.20      277.71       32.85
    -240.59      243.56       42.52
    -174.11       18.40      -74.19
    -128.78      187.29        4.70
     -72.63       36.10       -2.60
     -60.27       76.84       43.48
    -158.74       84.07      -45.11
    -116.31       26.25       77.83
    -202.95      112.39      -74.10
    -148.19       69.69      -98.95
     -71.11       93.56       29.11
    -115.28       60.33      -99.31
    -151.19        9.38      -89.33
     -90.37      -17.66      -35.22
    -233.28      150.58      -39.00
     -76.35       31.99      -57.55
    -148.41       86.24      -31.63
     -51.55      -17.85      -46.95
    -109.39        1.41       -5.36
    -145.89       96.46       23.11
    -245.89      146.09       -8.20
     -91.36      147.37       -6.53
    -136.13      127.61       93.14
    -146.02      102.14      -33.08
     -85.38       92.40      -29.15
     -63.80       10.55        4.17
    -255.22      262.82      -69.22
    -111.66       -2.35       -1.08
    -149.33       75.34       16.35
    -160.04      102.06      -58.74
     -88.58       -4.77      -47.90
    -117.92      -34.66     -122.75
    -213.85      142.24        5.51
    -258.94      135.31       55.97
    -122.24       82.22        0.95
     -79.39       13.53      -89.92
    -231.17      164.98       43.07
     -77.00      100.84      -30.64
     -77.83      -29.83      -57.16
     -51.83       10.90      -18.35
     -62.06       17.65      -28.01
    -136.23       13.18      -32.42
    -121.44       30.72        2.11
    -118.48       51.43      -64.67
    -139.66       23.11     -136.44
    -145.59      129.34      -54.30
     -78.74        2.35      -59.46
    -146.99      127.02      -34.75
     -47.17      -13.22       -7.75
    -133.98       47.00      -16.91
     -79.24       75.54      -69.44
    -159.08      114.28      -43.74
    -289.55      266.09      167.75
    -173.23      -28.35      -12.88
    -155.22      110.14        5.32
    -236.78      215.84       12.18
    -245.90      159.39      -11.41
    -126.30       91.45       -2.03
     -96.94       -0.55      -72.06
     -99.30       30.89      -70.21
    -135.31       82.31      -95.28
    -223.85      213.99      -59.61
     -58.17       20.14       37.03
     -87.18       93.12      -52.47
    -162.62      154.69       40.93
    -253.76      147.88       20.16
    -161.72      132.97      -40.51
     -39.01       16.20      -22.85
    -235.42      194.41     -121.36
    -236.01      214.71      -34.00
    -268.39      318.46      -16.72
    -178.31      199.51      -46.30
    -106.10      118.41      -69.74
     -83.28      135.71        7.85
    -108.67       25.01        0.30
    -131.70       43.42      -30.75
    -275.33      208.47      -77.47
    -177.52      135.89       65.83
    -155.57       53.73     -172.89
    -102.17       63.15      -71.81
    -130.93       54.06      -59.22
     -68.92        9.83      -39.34
    -205.79      152.86      -43.34
    -157.66      -35.79       18.39
     -77.72       69.13       -9.38
    -105.71       69.31      -52.74
    -140.71       20.60        5.07
    -157.40      180.96      -43.71
    -153.63      135.91      -29.75
    -149.23       99.92      -58.77
    -105.23       87.88      -71.15
     -90.34      -10.07     -114.24
    -159.85        3.11      -71.75
     -99.98      -33.58     -135.58
    -250.71      163.32     -110.26
    -163.46       69.88     -109.34
    -111.35        5.08       52.06
    -195.65       85.54      -15.86
    -151.61       76.59      -35.45
    -165.84       53.82       -5.31
     -85.52      -28.57     -104.12
    -115.76      118.13       36.25
    -127.91       27.35       57.26
    -264.85      308.07      -84.45
    -115.28      115.24     -101.14
    -163.48      103.69      -34.25
    -112.34      123.66      -52.69
    -263.62      207.70      -82.68
    -122.04      153.76       54.94
    -124.24      113.31      -53.92
    -143.63       81.50      140.88
    -132.51      105.45      -32.62
    -248.30      176.79      -60.06
     -68.91       61.53      -21.09
    -205.46      148.20      -21.56
    -140.81      183.26      -12.58
    -123.35       20.09       -1.30
    -308.03      162.16     -108.41
    -132.88      -23.17      -58.73
    -213.58      222.25      -23.63
     -68.74       36.97      -85.13
     -58.16      -31.86      -30.23
    -176.80       42.78      -56.63
    -124.25       -7.02      -41.11
     -74.65       37.24      -30.64
    -140.41      -16.80      -72.68
    -296.40      167.72      100.32
     -18.77       53.87       88.64
    -124.31      100.00      -25.72
     -76.70        6.72      -38.81
    -153.98       70.18      -77.01
    -193.47       -5.63      -86.38
    -244.39      208.53      -25.24
    -154.00        4.55     -154.21
    -201.78       78.21      -44.24
    -121.88       26.57      -94.16
     -97.78       -3.51      -27.82
    -239.67      150.92      -75.32
    -195.57       23.23     -178.45
     -62.57       60.91       13.53
     -73.02       11.92       77.52
    -103.67      126.15       -3.02
     -67.78       63.97       34.93
    -144.23      -23.57      -63.59
     -53.19       42.88       35.42
    -231.83       78.29      -82.98
    -242.77      121.82        9.38
    -137.86        7.56     -101.65
    -179.39      205.84       29.91
     -32.52       69.80      -15.48
     -25.10       16.91       -6.52
    -159.84      117.72      -36.92
    -197.30      125.83      -70.24
     -75.73       35.99       22.74
    -114.08       84.27       27.47
    -249.49      240.25       59.46
    -294.36      164.12      -31.94
    -257.00      189.44      -63.71
    -125.79       93.74      -28.75
    -202.03      158.18       18.27
    -112.64       82.95      -14.00
    -184.40       71.57      -37.13
    -129.73      229.44       73.34
    -232.28      161.54      -12.53
    -208.31      155.65       -2.93
    -172.17       88.20      -16.84
      11.11       29.62      103.17
    -189.20       92.94      -18.83
    -197.06       87.20      -28.55
    -122.22      -29.98       41.13
    -100.06       23.41       10.50
    -143.82        3.66     -115.70
