10.0558
9.883
10.1485
10.313
10.4468
10.0803
10.1678
10.4725
10.3487
10.5374
10.5014
9.85465
9.73425
10.5914
10.4057
10.0914
10.6387
10.756
9.55225
10.3976
10.3003
10.2356
9.7635
10.2627
10.2915
10.568
10.2186
10.6002
9.74165
10.3398
10.4175
9.8906
9.82455
10.3331
10.4692
10.669
10.4804
9.9313
10.427
10.1518
10.3988
9.6832
10.1168
10.5499
10.2302
10.0623
10.1138
10.1128
9.7033
9.8608
9.1285
8.51315
10.2704
10.8629
10.4643
10.5537
9.8584
9.8285
10.2257
10.4985
10.7351
10.5878
10.6412
10.8632
9.8659
10.5091
10.7037
9.8172
10.5598
10.165
10.5333
9.72505
10.6824
10.833
10.1643
10.1076
10.6591
10.6409
10.513
10.2542
10.3824
10.4846
10.2954
10.3845
10.2163
10.6959
10.7386
10.4548
10.2954
10.4542
10.0401
9.69645
10.0597
10.0416
10.2944
10.6951
9.86035
10.3705
10.2911
9.8572
10.4852
10.355
10.3052
9.79005
9.7969
9.30135
10.4457
10.4818
10.4754
10.1806
9.36305
9.6146
10.5907
10.5768
10.5518
10.5925
9.88605
9.9526
10.6037
10.4063
10.0797
10.118
9.2151
9.39995
10.1954
9.9247
10.2826
9.86515
10.8752
10.1579
10.3161
10.2093
10.8804
9.7755
10.5062
10.5871
10.2561
10.4464
10.4166
10.2879
10.3009
10.4668
9.68525
10.0759
10.5322
10.2958
10.7126
10.4963
10.58
10.8354
10.1723
9.89505
9.8209
10.7576
9.95265
10.7177
10.4939
10.6345
9.97455
10.4684
10.5408
10.6355
10.5106
10.146
10.3463
9.77635
9.0196
9.5439
10.0962
10.6725
9.8607
10.3118
9.96065
9.62295
10.8753
10.4885
10.1969
10.7575
10.2146
9.8008
10.7363
10.6879
10.263
9.70245
9.78425
9.5267
9.75625
9.7626
9.7616
10.3108
10.2931
10.3099
9.9468
10.2181
10.4115
9.7846
10.596
10.1481
10.4687
10.3415
10.2886
10.4989
9.8643
10.7909
9.92585
10.3772
10.0597
10.896
10.6312
10.4631
10.4828
9.60295
10.6989
10.3983
10.244
10.5428
9.6022
9.99
10.4581
10.5658
9.6427
10.1141
10.542
10.5234
9.85115
10.2224
9.8954
9.8406
9.7716
9.8868
10.6682
9.45345
10.5191
10.5343
10.4945
10.905
10.5567
9.934
8.8968
9.41565
9.5643
9.5636
10.2059
10.6408
10.6943
10.288
9.69835
9.8481
10.4144
10.0706
10.4567
10.5271
10.8461
9.4388
8.82665
9.10395
10.5037
10.3104
10.7311
10.5077
9.53945
9.22015
10.8475
10.0633
10.1902
10.1786
9.9106
10.1494
10.6222
10.3743
9.97145
10.2403
10.0114
9.84435
10.7055
10.5112
10.2824
9.9672
9.80145
10.1738
9.20345
8.63365
10.83
10.5772
10.2909
10.4575
10.321
10.845
9.7733
10.2972
10.3763
10.0776
9.821
10.1297
10.7724
10.3903
9.5543
9.4775
10.1684
10.4394
10.2166
9.8937
10.7359
10.6632
9.31605
9.1604
10.3069
10.1385
10.5229
10.5643
10.0345
11.0276
10.2883
10.2688
10.1659
10.4753
9.9908
9.56605
9.76365
10.5251
9.64125
10.931
9.97155
10.1597
10.4968
10.5589
10.8348
10.2986
9.2712
10.054
9.6401
9.9652
10.3728
10.0698
10.7525
10.2654
10.2389
10.098
10.5111
10.4312
10.6781
10.5531
9.8545
10.6516
10.5786
10.3701
10.4044
10.135
10.363
10.5958
10.7492
10.5781
10.266
10.8858
10.5579
9.60915
10.0419
10.7624
10.297
10.0274
10.6622
10.5001
10.578
9.63415
10.2114
10.5522
10.5315
10.1792
10.3943
10.5438
9.8624
9.2635
10.7853
10.638
9.26795
9.01115
10.6938
10.0265
10.1706
10.5843
9.9316
10.8897
10.6444
10.5025
9.9167
10.0511
10.6841
9.82685
9.60305
9.586
9.7252
9.85365
10.7238
10.6608
10.6382
10.1669
9.8618
9.79285
10.0798
9.8444
