9.45864
9.42815
9.39858
9.18678
9.49852
9.61415
9.59906
9.3215
9.38495
9.16822
9.6369
9.32753
9.33184
9.32823
9.35847
9.53136
9.48186
9.45876
9.21906
9.35677
9.42319
9.53196
9.45107
9.62031
9.61705
9.44551
9.52979
9.23763
9.2816
9.36085
9.16861
9.23916
9.41404
9.39599
9.39987
9.2091
9.30875
9.51932
9.41909
9.58121
9.58176
9.43941
9.50511
9.37513
9.23489
9.21201
9.4021
9.54027
9.40991
9.4678
9.35561
9.49012
9.58553
9.52872
9.44789
9.50401
9.45865
9.23949
9.2086
9.44666
9.4221
9.45757
9.58631
9.39916
9.5824
9.16378
9.60536
9.45554
9.55704
9.60734
9.56913
9.53666
9.35893
9.22105
9.38327
9.33927
9.34785
9.55908
9.3761
9.23449
9.60971
9.25374
8.94998
8.73059
9.39897
9.55359
9.16238
9.56872
9.17106
9.45788
9.45501
9.48626
9.5101
9.54018
9.40492
9.20515
9.44015
9.51206
9.31234
9.40304
9.4659
9.6138
9.42128
9.47172
9.51328
9.58198
8.83639
9.62859
9.57122
9.50514
9.47339
9.45934
9.17174
9.01087
9.4803
9.58453
9.12643
9.43884
9.4614
9.37981
9.30314
9.59777
9.52183
9.48432
9.08598
9.21437
9.37721
9.1371
9.47904
9.47717
9.36314
9.50949
9.56206
9.21319
9.27858
9.47408
9.26454
9.45967
9.3113
9.52565
9.55909
9.36279
9.51324
9.55787
9.44166
9.45448
9.46674
9.19501
9.53221
9.37893
9.64955
9.30327
9.48544
9.24508
9.50732
9.0599
9.53528
9.34298
9.14237
9.55054
9.55704
9.42354
9.24784
9.59457
9.3179
9.5149
9.32753
9.49236
9.43446
9.41725
9.27418
9.58531
9.40416
9.42993
9.47328
9.37633
9.53612
9.35903
9.25752
9.30498
9.2325
9.26253
9.45927
9.09662
9.14878
9.32275
9.54392
9.38992
9.47868
9.59157
9.51748
9.3068
9.62264
8.79275
9.56051
9.20302
9.51463
9.53364
9.53192
9.4211
9.57063
9.34579
9.51709
9.41175
9.53108
9.44076
9.50644
9.48723
9.5186
9.22786
9.24878
8.88238
9.52217
9.50295
9.24633
9.36685
9.51356
9.46848
9.33847
9.05613
9.52619
9.47505
9.49923
9.55339
9.35227
9.46306
9.50618
9.45569
9.28811
9.48345
9.48512
9.42862
9.51456
9.43343
9.34718
9.45611
9.17845
9.53948
9.31424
9.35971
9.4139
9.57691
9.41589
9.1962
9.35737
9.53757
9.39834
9.42587
9.32123
9.26696
9.47174
9.38265
9.50866
9.37687
9.44664
9.50792
9.32269
9.43031
9.41944
9.28705
9.45116
9.43371
9.50243
9.35206
9.5
9.55575
9.34526
9.55067
9.36225
9.45947
9.43861
9.57282
9.62247
9.44379
9.42283
9.45992
9.59624
9.23993
9.30729
9.58032
9.48731
9.21541
9.45551
9.16098
9.57321
9.36634
9.41679
9.55076
9.27891
9.4045
9.52267
9.56747
9.60142
9.62156
9.43249
9.22319
9.32171
9.36321
9.32893
9.50514
9.52814
9.57611
9.51354
9.48354
9.50184
9.48396
9.38965
9.20748
9.04016
9.41227
9.48461
9.05939
9.49208
9.4567
9.48042
9.30294
9.15531
9.58072
9.43166
9.52143
9.56153
9.57463
9.23112
9.26512
9.37656
9.44442
9.41109
9.39816
9.47582
9.44725
9.4547
9.13171
9.35362
8.56724
9.27114
9.5288
9.16147
9.41395
9.34756
9.41713
9.08794
9.42659
9.46678
9.57513
9.08293
9.03869
9.23677
9.48653
9.28543
9.35886
9.29687
9.06887
9.40491
9.46275
9.42022
9.30675
8.77359
9.41772
9.43113
9.50941
9.35739
9.27744
9.2317
9.44665
9.53862
9.52456
8.8354
9.52104
9.46115
9.3258
9.50616
9.49452
9.5658
9.38769
9.4839
9.36037
9.53483
9.52526
9.46912
9.57826
9.46618
9.46484
9.54953
9.28421
9.64656
9.41322
9.18775
9.21802
9.27101
9.59442
9.57854
9.55175
9.55061
9.53306
9.54194
9.32099
9.61677
9.35838
9.45154
9.46713
9.46662
9.06917
9.37286
9.18331
9.48953
9.21327
9.59433
9.32177
9.25683
9.55162
9.39975
9.413
9.15822
9.39756
9.44634
9.44773
9.25767
9.46468
9.45554
9.52884
9.4668
9.47757
9.49654
9.55993
9.15758
9.30718
9.39003
9.25308
9.62931
9.35926
9.23004
9.26074
9.49695
9.10168
8.81349
9.44979
8.94488
9.4234
9.34682
9.51204
9.49045
9.45588
9.37551
9.06679
9.45211
9.19632
9.60337
9.49026
9.51844
9.58927
9.52285
9.45327
9.56919
9.39838
9.5714
9.48422
9.41811
9.40966
9.48873
9.25528
9.4121
9.13518
9.53764
9.5613
9.49339
9.48635
9.59784
9.35334
9.08215
9.35659
9.49639
9.2191
9.5074
9.49822
9.29557
9.4907
9.38854
9.51497
9.22644
9.45055
9.46694
9.54526
9.48976
9.46863
9.46746
9.34377
8.59971
9.53745
9.2823
9.27336
9.48651
9.54424
9.56265
9.56764
9.54897
9.54091
9.5562
9.26476
9.5848
9.45623
